160.5
161.2
169.8
165.0
172.2
163.1
176.5
167.1
166.9
165.0
163.2
169.7
168.8
159.1
170.6
166.5
164.8
158.6
158.5
167.4
171.4
167.6
159.3
169.5
168.5
160.8
170.4
170.0
163.0
172.3
161.6
169.0
157.7
167.9
161.6
165.2
158.2
167.9
163.7
174.3
162.7
159.9
160.9
165.4
168.9
167.1
161.1
156.3
163.5
159.2
158.1
166.1
155.4
171.3
165.2
164.9
170.6
179.6
159.5
156.4
156.3
170.6
176.9
172.1
167.7
164.3
171.4
170.7
154.6
171.1
162.6
166.1
163.0
174.3
153.6
165.9
168.2
170.8
170.3
159.0
155.9
164.1
175.2
176.8
170.0
159.9
154.1
167.8
159.1
165.4
169.6
162.8
171.3
171.4
161.2
169.3
171.8
161.6
173.5
164.5
167.1
171.2
165.1
166.5
162.0
164.1
174.2
158.8
176.7
156.6
164.7
161.8
167.9
165.8
160.9
167.7
170.3
171.4
160.4
168.9
164.8
161.9
161.3
166.1
170.9
161.7
161.9
168.0
155.6
155.3
161.6
166.8
157.7
169.8
154.8
157.1
163.1
166.2
175.3
173.3
152.0
177.9
171.2
173.8
170.4
177.6
164.4
168.7
168.6
163.9
166.5
153.8
166.9
157.1
161.8
159.0
168.6
168.3
165.4
170.5
170.8
164.8
162.1
162.6
163.6
162.9
165.6
162.1
168.1
168.0
166.3
160.7
148.3
164.5
176.9
165.6
160.0
167.0
161.1
165.5
160.1
167.2
173.6
167.0
165.1
154.0
163.1
163.3
164.6
161.4
164.3
162.9
167.1
173.2
180.4
179.7
173.6
160.6
166.9
151.3
157.1
163.5
166.5
171.7
168.6
157.5
152.0
177.6
174.6
155.6
164.1
165.7
161.1
159.2
179.5
154.5
174.9
164.5
158.3
165.0
